Input:
4 5
0 1 8 
0 2 8 
1 3 8 
2 1 1 
2 3 8 
Output:
16

Input:
8 16
0 1 1 
0 2 1 
0 3 1 
1 4 1 
1 5 1 
1 6 1 
2 5 1 
3 5 1 
4 1 1 
4 7 1 
5 1 1 
5 2 1 
5 3 1 
5 7 1 
6 1 1 
6 7 1 
Output:
3

Input:
8 11
0 1 1 
0 2 1 
0 3 1 
1 4 1 
1 5 1 
1 6 1 
2 5 1 
3 5 1 
4 7 1 
5 7 1 
6 7 1 
Output:
2

Input:
5 7
0 2 5 
0 3 3 
1 4 99 
2 1 3 
2 3 2 
2 4 99 
3 1 6 
Output:
8

Input:
5 7
0 2 99 
0 3 99 
1 4 4 
2 1 3 
2 3 2 
2 4 3 
3 1 6 
Output:
7

Input:
5 7
0 2 99 
0 3 3 
1 4 99 
2 1 3 
2 3 2 
2 4 3 
3 1 6 
Output:
11

Input:
8 15
0 1 10 
0 2 5 
0 3 15 
1 2 4 
1 4 9 
1 5 15 
2 3 4 
2 5 8 
3 6 16 
4 5 15 
4 7 10 
5 6 15 
5 7 10 
6 2 6 
6 7 10 
Output:
28

Input:
6 7
0 1 1 
0 2 3 
1 3 99 
1 4 99 
2 4 99 
3 5 2 
4 5 2 
Output:
3

Input:
10 14
0 1 1 
0 2 1 
0 3 1 
0 4 1 
1 5 1 
1 6 1 
2 5 1 
2 6 1 
3 7 1 
4 7 1 
5 8 1 
6 8 1 
7 9 1 
8 9 1 
Output:
2

Input:
8 9
0 1 1 
0 3 1 
1 2 1 
2 3 1 
3 4 1 
4 5 1 
4 7 1 
5 6 1 
6 7 1 
Output:
1

Input:
5 6
0 1 1 
0 2 1 
1 2 1 
2 3 1 
2 4 1 
3 4 1 
Output:
2

Input:
8 11
0 1 2 
0 2 3 
0 3 4 
1 4 99 
1 5 99 
1 6 99 
2 6 99 
3 6 99 
4 7 7 
5 7 1 
6 7 5 
Output:
7

Input:
6 7
0 1 20 
1 2 10 
1 3 10 
1 4 10 
2 4 10 
3 4 10 
4 5 20 
Output:
20

Input:
9 19
0 1 1 
0 2 1 
0 3 1 
1 4 1 
1 5 1 
1 6 1 
1 7 1 
2 4 1 
2 5 1 
2 6 1 
2 7 1 
3 4 1 
3 5 1 
3 6 1 
3 7 1 
4 8 1 
5 8 1 
6 8 1 
7 8 1 
Output:
3

Input:
50 200
0 7 8
0 12 10
0 34 18
1 4 14
1 11 6
1 28 7
2 5 13
2 19 20
2 42 9
3 8 11
3 17 14
3 31 4
4 6 12
4 21 7
4 45 19
5 9 16
5 15 5
5 38 12
6 2 10
6 18 13
6 40 11
7 1 7
7 3 4
7 33 15
8 14 18
8 22 7
8 47 10
9 4 11
9 23 17
9 29 6
10 6 4
10 16 12
10 41 15
11 2 9
11 13 8
11 39 17
12 5 10
12 24 16
12 48 7
13 7 11
13 25 12
13 46 19
14 3 5
14 20 15
14 37 9
15 8 8
15 26 14
15 44 13
16 9 7
16 27 18
16 43 10
17 10 11
17 30 16
17 49 8
18 11 14
18 32 10
18 36 12
19 12 6
19 28 17
19 35 9
20 13 8
20 33 10
20 47 6
21 14 12
21 29 16
21 45 9
22 15 15
22 31 10
22 42 7
23 16 18
23 34 14
23 40 11
24 17 9
24 30 15
24 48 5
25 18 10
25 32 13
25 46 16
26 19 6
26 33 14
26 43 9
27 20 12
27 35 7
27 44 11
28 21 9
28 36 12
28 47 10
29 22 10
29 37 15
29 45 5
30 23 7
30 38 18
30 49 8
31 24 11
31 39 10
31 41 12
32 25 9
32 34 15
32 48 6
33 26 8
33 36 11
33 47 7
34 27 10
34 40 17
34 46 13
35 28 9
35 37 10
35 43 15
36 29 7
36 41 16
36 49 9
37 30 12
37 38 13
37 45 14
38 31 6
38 39 18
38 42 11
39 32 7
39 40 12
39 44 16
40 33 10
40 41 14
40 48 9
41 34 11
41 42 5
41 47 13
42 35 7
42 43 12
42 49 10
43 36 11
43 44 6
43 46 9
44 37 8
44 45 7
44 48 12
45 38 10
45 46 14
45 47 6
46 39 12
46 49 13
46 48 6
47 40 9
47 41 11
47 49 8
48 42 10
48 43 7
48 44 12
49 45 9
49 46 10
49 47 8
Output:
?